196 190 184 178 171 166 164 159 157 155 153 150 146 145 145 146 143 138 137 137 138 141 143 146 150 153 157 163 170 178 186 195 207 219 237 253 271 289 308 328 346 360 367 372 377 380 379 379
 205 197 189 182 176 172 168 164 160 158 156 153 151 148 147 146 145 143 142 143 145 148 150 154 157 158 161 168 176 184 193 202 212 226 240 253 270 287 308 327 344 357 367 376 384 389 387 382
 221 212 202 193 184 178 173 169 166 163 159 157 155 153 151 149 148 148 149 152 154 158 163 166 169 171 170 171 181 192 202 213 223 236 250 259 269 283 300 318 335 348 360 373 383 388 386 380
 237 226 214 203 194 184 179 173 170 167 162 161 159 156 155 155 155 154 157 161 164 169 173 177 178 180 178 177 186 196 208 222 234 245 255 264 272 285 301 317 330 343 355 369 380 385 382 378
 243 234 221 209 199 191 183 176 173 170 167 165 165 163 163 161 160 160 164 170 176 180 183 186 186 186 186 183 190 200 213 228 239 249 259 268 276 288 302 316 329 346 363 377 383 382 378 374
 247 236 223 213 204 194 188 181 178 175 172 170 170 169 170 170 169 172 176 181 188 192 195 197 197 197 195 191 194 205 218 232 243 253 262 272 282 293 307 318 330 353 373 381 381 381 379 375
 251 241 230 219 209 200 194 188 183 180 178 177 177 177 177 178 180 183 188 193 199 203 203 205 207 206 205 202 204 214 226 236 246 256 265 273 283 295 308 320 330 350 368 378 381 383 382 378
 256 249 240 229 220 212 205 202 197 193 188 187 187 189 189 191 194 199 203 208 212 216 218 221 220 219 218 218 219 224 233 242 251 258 266 273 282 294 305 315 330 348 366 379 383 386 385 379
 262 257 256 253 241 231 224 218 213 207 203 202 201 200 200 201 207 213 220 227 230 234 238 239 238 238 236 234 233 236 242 250 258 266 275 282 288 297 307 318 333 353 369 381 384 385 383 377
 275 278 281 276 267 260 248 239 232 228 222 219 219 216 214 214 219 228 236 244 249 255 258 261 262 258 255 253 250 252 258 263 270 276 284 293 302 310 320 330 345 362 373 380 383 382 378 372
 288 296 300 298 293 284 276 266 258 252 247 243 241 237 234 232 236 245 253 262 269 277 282 285 285 283 279 275 271 270 274 279 284 289 299 310 318 325 335 347 360 375 380 382 382 379 374 368
 300 313 321 322 317 310 304 296 289 281 274 268 263 258 252 250 251 257 268 278 287 298 304 309 309 307 301 295 290 289 292 297 305 312 321 332 341 350 360 372 385 392 391 388 384 377 370 361
 309 327 338 343 342 339 334 326 317 307 299 289 281 277 272 268 269 274 283 293 305 315 324 330 331 326 321 315 311 312 316 321 330 339 351 360 368 379 387 400 411 410 405 400 392 381 371 358
 315 334 348 359 365 366 362 355 348 339 327 314 300 290 287 283 283 287 299 311 322 334 344 350 352 349 344 339 336 340 347 354 359 366 376 386 395 407 419 432 436 431 424 414 401 389 375 362
 320 339 357 372 383 387 386 383 378 368 354 339 322 306 300 299 298 302 314 327 341 356 367 373 374 373 371 367 367 372 380 389 396 401 408 418 425 436 449 456 458 451 440 428 413 399 387 371
 323 341 357 375 391 401 407 409 405 397 383 367 354 340 329 325 327 331 340 354 370 384 394 400 404 404 403 401 401 404 409 416 423 430 441 450 459 469 476 479 475 467 456 444 431 418 405 388
 323 339 356 376 391 406 417 426 429 426 418 406 396 383 370 366 367 372 380 391 400 412 422 428 430 433 433 432 431 431 436 443 450 462 473 481 489 499 501 498 493 484 473 459 449 439 424 406
 325 342 359 376 393 409 425 439 448 453 454 450 442 430 418 411 410 414 422 430 437 444 454 462 465 466 463 462 460 458 463 473 482 490 498 507 516 521 521 517 512 502 490 480 468 456 440 427
 327 345 363 380 398 416 436 454 467 476 485 487 484 480 473 467 465 466 470 474 481 486 491 496 499 497 492 490 489 490 495 501 507 513 522 529 538 542 540 536 529 520 510 497 487 478 470 460
 332 350 370 388 407 427 448 467 484 498 510 516 517 514 508 505 504 505 509 514 520 522 521 522 522 522 519 517 518 521 523 523 527 533 543 553 560 557 552 548 543 536 530 520 512 502 492 481
 338 360 381 401 418 439 460 481 500 516 528 534 536 535 531 528 528 531 536 540 542 545 545 543 543 543 541 539 540 539 539 541 541 545 553 560 561 555 547 543 540 537 532 526 520 512 499 488
 351 371 392 413 434 453 475 498 515 530 542 551 552 551 550 547 548 551 554 554 554 558 560 562 562 561 559 556 554 551 548 545 543 544 547 548 545 539 535 533 530 529 526 523 518 510 499 488
 362 381 402 424 445 466 491 511 529 545 557 563 563 561 558 559 559 558 560 562 566 572 578 581 580 576 570 564 557 551 545 539 535 532 530 528 522 517 513 512 513 515 512 509 503 494 484 473
 375 395 414 435 458 482 504 527 543 555 563 563 556 553 554 556 557 556 557 563 570 578 588 593 589 577 570 563 554 546 539 531 525 521 516 511 503 495 488 484 484 485 485 481 476 468 461 453
 388 408 430 450 470 493 514 533 546 553 553 546 541 540 538 540 540 542 545 554 561 569 580 587 581 571 563 555 546 540 531 521 513 507 500 492 482 474 467 460 456 456 456 452 446 440 434 429
 397 421 443 461 479 498 515 531 538 537 531 523 519 517 517 515 516 519 524 534 542 551 560 568 567 559 552 545 538 532 521 509 499 492 486 477 467 458 448 440 433 430 428 425 421 415 410 405
 406 429 448 463 483 500 511 516 517 513 506 499 496 495 492 490 491 495 502 510 520 530 539 547 549 545 539 533 528 521 508 495 485 477 469 462 452 442 432 423 414 408 404 400 396 391 386 381
 411 430 450 466 483 497 503 499 493 486 478 472 471 470 468 468 470 474 481 487 497 509 517 526 528 525 520 516 512 504 492 481 472 465 457 449 440 429 418 409 399 391 384 379 374 370 367 363
 416 435 452 468 479 487 487 480 472 463 453 449 447 445 445 445 449 452 457 466 477 489 497 502 504 503 499 494 489 482 472 464 457 449 441 435 426 415 407 399 389 381 372 365 359 355 353 348
 421 439 456 470 477 481 479 468 457 446 437 431 426 424 423 423 428 433 437 444 454 465 474 481 482 482 479 473 465 458 451 443 438 431 424 418 411 402 396 388 379 372 363 354 348 343 340 335
 425 442 457 469 475 475 469 459 446 432 420 413 408 404 404 403 406 412 419 424 431 442 453 460 464 465 462 456 449 439 431 425 420 413 406 401 395 387 381 374 367 361 353 345 339 333 329 325
 427 443 456 466 471 470 462 449 434 418 405 396 390 386 385 386 390 394 398 405 414 422 434 445 449 449 447 441 433 425 416 408 404 397 390 383 376 369 362 357 352 348 342 335 329 323 319 316
 422 436 448 458 462 459 449 436 421 406 392 382 373 368 367 370 373 376 382 387 396 409 419 429 435 437 434 429 422 413 402 394 387 379 371 366 359 353 347 343 341 342 338 327 321 315 310 308
 411 427 437 444 445 443 435 423 409 397 385 372 360 351 348 353 358 363 368 375 381 394 406 414 421 424 424 420 414 405 395 386 376 365 358 351 345 339 336 337 341 341 337 328 315 308 305 302
 400 415 426 430 430 427 422 412 402 392 380 368 355 339 334 338 344 350 354 358 367 376 389 401 408 413 413 409 404 398 388 380 370 359 350 341 336 330 324 325 331 331 328 324 317 305 298 294
 389 403 413 418 417 413 408 402 396 389 380 367 353 337 324 324 330 335 339 345 350 358 369 380 391 399 400 399 394 388 381 374 368 359 347 338 331 322 317 312 313 315 317 316 309 300 294 292
 376 391 401 404 405 402 398 394 390 382 374 366 354 339 324 312 314 321 325 330 335 341 349 359 369 379 385 385 381 377 372 367 362 354 347 344 336 319 311 306 302 299 299 304 302 295 291 292
 371 386 394 397 397 395 391 386 381 376 368 361 351 338 324 310 304 307 312 316 321 326 332 341 352 362 366 368 366 363 361 357 354 350 345 343 335 316 306 300 295 291 294 300 299 295 289 283
 365 380 390 392 392 389 384 378 374 368 360 353 347 337 327 314 301 295 298 303 308 312 318 327 337 347 351 353 352 351 352 354 351 345 337 330 322 313 302 294 290 286 287 292 291 290 292 287
 366 377 383 385 384 381 375 371 365 359 352 345 338 332 323 312 303 292 286 290 296 301 305 313 323 332 336 336 337 338 341 346 343 335 326 321 315 308 300 292 285 280 276 279 283 284 283 282
 365 368 371 373 371 368 364 360 356 350 343 337 331 323 315 307 299 289 281 279 285 291 295 302 312 319 323 324 324 325 326 330 332 326 320 315 310 304 298 291 283 277 272 272 277 279 279 276
 362 362 361 360 359 358 355 351 346 340 334 328 321 314 307 300 293 284 276 271 274 281 286 294 302 306 308 310 310 312 311 312 312 311 310 308 305 301 296 290 282 275 270 266 265 266 267 262
 361 358 355 352 350 348 345 341 336 331 325 319 314 308 300 291 283 276 271 265 266 271 276 283 289 293 294 295 296 298 298 298 298 298 299 297 298 296 292 287 282 277 271 265 260 258 255 250
 364 359 354 349 345 342 339 335 329 324 319 312 305 299 292 282 277 271 266 259 260 267 271 274 277 279 281 282 283 285 286 285 285 285 285 287 290 290 286 284 282 278 274 269 263 258 253 250
 370 365 361 356 350 344 340 334 329 322 317 310 302 294 285 278 271 265 260 254 253 255 260 262 264 266 269 270 272 274 274 274 273 273 274 275 276 278 278 278 277 275 272 269 265 260 254 249
 375 373 370 365 361 356 349 342 337 329 323 315 308 301 292 282 274 266 259 253 249 246 247 249 251 253 256 258 261 263 265 264 263 262 262 262 263 265 267 269 270 271 269 267 263 260 255 248
 376 376 375 372 370 368 363 357 350 343 336 328 320 311 301 292 283 273 265 256 251 245 242 241 241 243 245 247 249 251 253 253 254 254 253 253 254 257 259 262 265 267 265 263 260 257 253 246
 374 375 375 374 374 375 373 371 366 363 357 348 340 330 317 305 294 284 273 263 256 250 244 240 237 236 236 239 241 242 242 243 244 244 245 248 249 251 254 257 262 263 262 259 255 251 246 241