 311 329 340 349 357 365 370 370 365 356 344 337 331 326 319 312 309 308 308 309 310 316 319 317
 318 333 342 350 359 372 386 391 385 375 364 352 343 337 331 324 320 320 323 323 321 321 323 326
 319 332 342 352 368 391 406 413 416 411 402 390 376 365 354 346 344 343 340 339 332 326 325 324
 322 336 351 369 388 407 422 434 439 440 434 423 408 389 372 360 353 349 349 351 346 338 335 333
 338 359 381 392 401 414 428 439 442 443 439 427 410 393 376 364 357 355 354 351 349 349 347 344
 366 388 393 392 397 411 428 447 464 474 471 459 437 412 387 371 360 356 352 346 342 343 346 348
 378 393 396 399 408 428 453 479 508 529 527 507 483 453 427 402 378 361 350 344 343 346 350 352
 386 396 405 418 439 466 496 521 551 578 580 556 526 499 469 442 413 387 368 357 352 347 349 350
 391 402 420 444 474 503 535 564 594 624 623 598 570 538 508 478 447 418 393 375 363 356 355 356
 391 405 429 464 500 534 567 604 648 674 669 643 606 573 541 509 478 449 422 400 379 364 355 356
 386 403 432 469 511 552 589 626 667 699 708 684 647 613 579 546 515 487 459 433 413 394 384 379
 375 400 432 465 503 542 580 617 651 685 711 713 686 654 624 592 562 536 507 486 470 459 452 436
 359 386 422 454 488 522 551 579 612 646 676 697 703 695 677 651 621 590 562 539 519 503 490 475
 346 375 408 434 468 499 525 545 574 608 637 657 668 677 677 671 660 639 618 595 571 548 525 506
 334 364 389 415 450 486 515 534 554 577 600 615 624 633 637 634 627 615 603 588 573 554 534 512
 317 341 361 389 425 458 483 505 525 543 559 571 577 583 586 582 576 567 559 547 533 518 504 488
 289 309 330 356 383 411 433 452 470 488 501 513 518 519 520 522 521 515 505 493 481 471 462 448
 261 285 304 324 344 361 379 394 409 424 436 446 451 454 456 460 461 457 451 440 430 421 411 402
 233 253 268 285 306 322 334 344 355 370 383 388 393 399 400 400 400 400 394 387 379 371 363 357
 198 212 227 243 258 272 281 288 296 305 316 326 332 335 342 344 343 340 338 333 328 323 318 312
 173 179 189 199 212 223 230 236 243 251 261 270 276 285 293 294 293 293 292 289 286 283 282 280
 142 148 155 161 168 178 186 190 194 203 211 219 232 239 238 243 245 249 251 251 252 253 256 258
 110 115 120 125 131 137 143 148 154 162 170 177 185 192 199 208 212 215 218 224 228 229 233 238
 88 91 96 102 107 109 113 118 123 131 140 146 155 165 172 179 186 193 198 204 209 212 215 220