0 0 0 0 0 0 0 0 0 0 0 0 0 0 0 0 0 0 0 0 0 0 0 0 0 0 0 0 0 0 0 0 0 0 0 0 0 0 0 0 0 0 5 9 11 15 22 32 36 35 31 26 28 21 5 0 0 0 0 0 0 0 0 0 0 0 0 0 0 0 0 0
 0 0 0 0 0 0 0 0 0 0 0 0 0 0 0 0 0 0 0 0 0 0 0 0 0 0 0 0 0 0 0 0 0 0 0 0 0 0 0 0 0 0 2 7 14 19 26 33 38 39 34 25 15 10 2 0 0 0 0 0 0 0 0 0 0 0 0 0 0 0 0 0
 0 0 0 0 0 0 0 0 0 0 0 0 0 0 0 0 0 0 0 0 0 0 0 0 0 0 0 0 0 0 0 0 0 0 0 0 0 0 0 0 0 0 0 1 3 7 10 12 16 20 20 16 10 1 0 0 0 0 0 0 0 0 0 0 0 0 0 0 0 0 0 0
 0 0 0 0 0 0 0 0 0 0 0 0 0 0 0 0 0 0 0 0 0 0 0 0 0 0 0 0 0 0 0 0 0 0 0 0 0 0 0 0 0 0 0 0 0 0 1 5 7 9 11 11 7 1 0 0 0 0 0 0 0 0 0 0 0 0 0 0 0 0 0 0
 0 0 0 0 0 0 0 0 0 0 0 0 0 0 0 0 0 0 0 0 0 0 0 0 0 0 0 0 0 0 0 0 0 0 0 0 0 0 0 0 0 0 0 0 0 0 0 3 5 6 9 7 5 1 0 0 0 0 0 0 0 0 0 0 0 0 0 0 0 0 0 0
 0 0 0 0 0 0 0 0 0 0 0 0 0 0 0 0 0 0 0 0 0 0 0 0 0 0 0 0 0 0 0 0 0 0 0 0 0 0 0 0 0 0 0 0 0 0 0 0 1 3 5 5 4 2 0 0 0 0 0 0 0 0 0 0 0 0 0 0 0 0 0 0
 0 0 0 0 0 0 0 0 0 0 0 0 0 0 0 0 0 0 0 0 0 0 0 0 0 0 0 0 0 0 0 0 0 0 0 0 0 0 0 0 0 0 0 0 0 0 0 0 0 0 0 0 0 0 0 0 0 0 0 0 0 0 0 0 0 0 0 0 0 0 0 0
 0 0 0 0 0 0 0 0 0 0 0 0 0 0 0 0 0 0 0 0 0 0 0 0 0 0 0 0 0 0 0 0 0 0 0 0 0 0 0 0 0 0 0 0 0 0 0 0 0 0 0 0 0 0 0 0 0 0 0 0 0 0 0 0 0 0 0 0 0 0 0 0
 0 0 0 0 0 0 0 0 0 0 0 0 0 0 0 0 0 0 0 0 0 0 0 0 0 0 0 0 0 0 0 0 0 0 0 0 0 0 0 0 0 0 0 0 0 0 0 0 0 0 0 0 0 0 0 0 0 0 0 0 0 0 0 0 0 0 0 0 0 0 0 0
 0 0 0 0 0 0 0 0 0 0 0 0 0 0 0 0 0 0 0 0 0 0 0 0 0 0 0 0 0 0 0 0 0 0 0 0 0 0 0 0 0 0 0 0 0 0 0 0 0 0 0 0 0 0 0 0 0 0 0 0 0 0 0 0 0 0 0 0 0 0 0 0
 0 0 0 0 0 0 0 0 0 0 0 0 0 0 0 0 0 0 0 0 0 0 0 0 0 0 0 0 0 0 0 0 0 0 0 0 0 0 0 0 0 0 0 0 0 0 0 0 0 0 0 0 0 0 0 0 0 0 0 0 0 0 0 0 0 0 0 0 0 0 0 0
 0 0 0 0 0 0 0 0 0 0 0 0 0 0 0 0 0 0 0 0 0 0 0 0 0 0 0 0 0 0 0 0 0 0 0 0 0 0 0 0 0 0 0 0 0 0 0 0 0 0 0 0 0 0 0 0 0 0 0 0 0 0 0 0 0 0 0 0 0 0 0 0
 0 0 0 0 0 0 0 0 0 0 0 0 0 0 0 0 0 0 0 0 0 0 0 0 0 0 0 0 0 0 0 0 0 0 0 0 0 0 0 0 0 0 0 0 0 0 0 0 0 0 0 0 0 0 0 0 0 0 0 0 0 0 0 0 0 0 0 0 0 0 0 0
 0 0 0 0 0 0 0 0 0 0 0 0 0 0 0 0 0 0 0 0 0 0 0 0 0 0 0 0 0 0 0 0 0 0 0 0 0 0 0 0 0 0 0 0 0 0 0 0 0 0 0 0 0 0 0 0 0 0 0 0 0 0 0 0 0 0 0 0 0 0 0 0
 0 0 0 0 0 0 0 0 0 0 0 0 0 0 0 0 0 0 0 0 0 0 0 0 0 0 0 0 0 0 0 0 0 0 0 0 0 0 0 0 0 0 0 0 0 0 0 0 0 0 0 0 0 0 0 0 0 0 0 0 0 0 0 0 0 0 0 0 0 0 0 0
 0 0 0 0 0 0 0 0 0 0 0 0 0 0 0 0 0 0 0 0 0 0 0 0 0 0 0 0 0 0 0 0 0 0 0 0 0 0 0 0 0 0 0 0 0 0 0 0 0 0 0 0 0 0 0 0 0 0 0 0 0 0 0 0 0 0 0 0 0 0 0 0
 0 0 0 0 0 0 0 0 0 0 0 0 0 0 0 0 0 0 0 0 0 0 0 0 0 0 0 0 0 0 0 0 0 0 0 0 0 0 0 0 0 0 0 0 0 0 0 0 0 0 0 0 0 0 0 0 0 0 0 0 0 0 0 0 0 0 0 0 0 0 0 0
 0 0 0 0 0 0 0 0 0 0 0 0 0 0 0 0 0 0 0 0 0 0 0 0 0 0 0 0 0 0 0 0 0 0 0 0 0 0 0 0 0 0 0 0 0 0 0 0 0 0 0 0 0 0 0 0 0 0 0 0 0 0 0 0 0 0 0 0 0 0 0 0
 2 2 2 1 1 0 0 1 0 0 1 2 2 2 2 2 2 2 2 1 1 0 0 0 0 0 0 0 0 0 0 0 0 0 0 0 0 0 0 0 0 1 2 1 0 0 0 0 0 0 0 0 0 0 0 0 0 0 0 0 0 0 0 0 0 0 0 0 0 0 0 0
 4 4 5 5 4 4 4 4 4 4 4 5 6 7 7 8 7 7 8 7 7 6 4 4 2 0 0 0 0 0 0 0 0 0 0 0 0 0 0 0 1 2 2 1 0 0 0 0 0 0 0 0 0 0 0 0 0 0 0 0 0 0 0 0 0 0 0 0 0 0 0 0
 3 4 4 4 4 4 5 6 6 8 9 10 9 11 11 10 10 10 10 10 9 7 7 7 5 3 1 0 0 0 0 0 0 0 0 0 0 1 1 2 4 2 0 0 0 0 0 0 0 0 0 0 0 0 0 0 0 0 0 0 0 0 0 0 0 0 0 0 0 0 0 0
 5 4 4 4 4 4 4 5 7 9 10 11 12 12 12 13 12 10 10 10 8 7 6 7 7 6 5 3 2 2 1 0 0 0 0 0 2 3 4 3 4 2 1 0 0 0 0 1 0 0 0 0 0 0 0 0 0 0 0 0 0 0 0 0 0 0 0 0 0 0 0 0
 4 4 4 5 5 4 5 6 6 7 10 12 13 14 13 13 12 11 12 10 8 7 7 7 7 8 8 6 6 6 5 4 5 3 3 3 4 4 4 4 3 3 2 2 2 1 1 1 0 0 0 0 0 0 0 0 0 0 0 0 0 0 0 0 0 0 0 0 0 0 0 0
 4 4 4 4 4 4 5 6 7 8 10 11 12 14 14 13 13 12 12 11 10 10 10 9 8 9 9 8 9 13 14 14 15 13 11 12 14 13 11 8 7 5 4 4 4 4 5 6 5 3 1 0 0 0 0 0 0 0 0 0 0 0 0 0 0 0 0 0 0 0 0 0
 4 5 6 4 4 4 5 6 8 9 11 11 12 13 14 14 13 13 15 15 14 14 13 12 12 11 13 14 16 18 17 17 18 16 17 18 18 20 22 21 20 18 17 16 16 16 14 16 21 15 4 0 0 0 0 0 0 0 0 0 0 0 0 0 0 0 0 0 0 0 0 0
 1 3 5 5 6 6 6 7 9 10 11 12 13 14 14 14 15 17 19 18 17 16 18 23 25 22 20 19 18 21 21 21 20 18 18 19 21 25 27 24 22 22 23 26 28 25 20 21 23 19 9 6 5 1 0 0 0 0 0 0 0 0 0 0 0 0 0 0 0 0 0 0
 0 0 0 2 3 4 6 7 9 10 11 12 13 15 16 17 17 21 24 23 20 20 22 27 29 28 27 27 27 27 27 27 28 27 25 23 23 28 31 27 27 28 29 29 29 28 26 24 29 32 31 31 27 23 23 26 28 26 23 18 16 11 8 8 9 14 11 5 3 0 0 0
 0 0 0 0 0 4 5 6 8 9 11 13 14 15 18 20 18 19 20 19 19 22 24 25 27 28 30 32 33 31 27 28 32 33 33 29 29 31 32 32 32 33 35 36 37 37 32 29 31 35 35 35 35 37 39 40 42 44 44 44 45 46 48 51 52 50 45 37 30 28 12 0
 0 0 0 0 0 1 4 5 7 8 10 13 14 16 18 18 19 20 20 20 23 24 28 29 32 34 35 35 34 33 30 29 33 36 39 36 33 34 37 39 38 39 41 43 44 42 36 34 36 40 42 42 42 43 48 51 53 56 60 62 63 64 66 70 71 69 69 62 58 56 38 10
 0 0 0 0 1 3 5 6 7 8 10 12 14 15 17 18 19 20 21 22 25 26 29 32 38 41 39 39 40 41 40 40 40 38 37 37 38 40 46 46 43 44 46 48 48 46 41 40 46 51 53 52 55 55 57 63 69 73 76 77 79 80 79 79 77 73 69 64 62 57 35 10
 0 0 0 1 3 3 5 7 8 10 11 12 14 15 16 17 18 19 21 22 24 26 29 31 36 39 42 45 48 49 52 55 52 48 45 44 46 47 50 55 52 52 52 54 54 53 53 53 59 63 66 68 68 67 66 71 79 84 87 89 91 89 88 88 83 79 74 69 67 62 44 15
 0 0 0 2 4 5 6 8 9 10 11 12 13 13 15 16 18 19 23 26 28 30 33 37 39 40 42 45 50 54 57 59 59 59 60 62 61 58 58 64 62 59 62 64 65 65 66 64 68 73 75 76 76 76 74 75 82 87 91 95 98 100 100 98 92 87 83 79 77 76 60 28
 0 0 0 3 5 6 8 10 10 11 13 14 15 15 16 18 19 22 24 26 29 34 39 42 46 48 47 49 53 56 60 63 65 67 67 69 70 70 72 74 74 75 78 79 78 76 76 75 75 78 80 81 81 82 82 82 85 89 93 97 101 104 106 107 104 98 91 84 80 79 70 38
 0 0 0 4 6 7 9 10 11 13 14 15 16 17 19 22 23 24 27 33 37 38 41 44 51 57 59 56 57 61 67 72 75 77 79 80 81 82 83 85 87 89 91 90 88 86 85 83 81 82 83 85 86 86 86 86 88 91 94 97 102 106 109 110 109 106 99 89 80 72 56 26
 0 0 0 4 7 9 10 11 13 14 15 16 19 20 22 25 27 32 35 39 42 43 46 50 53 61 63 65 76 88 95 99 98 96 93 91 91 90 90 91 93 94 93 92 91 91 91 90 87 87 88 89 90 89 88 88 89 91 93 96 100 105 110 114 114 112 104 95 84 71 54 25
 0 0 0 1 7 10 11 11 13 15 16 18 20 22 25 28 33 38 42 45 48 51 54 58 62 70 77 90 107 114 117 116 115 113 108 101 95 94 95 96 100 102 101 101 101 99 98 97 95 92 90 90 91 91 91 90 91 93 96 101 106 109 113 117 117 116 109 100 88 74 57 31
 0 0 0 3 8 10 11 12 14 16 18 20 24 27 30 33 37 41 47 51 54 62 69 74 76 80 87 96 106 111 114 115 116 115 113 108 106 106 106 107 108 109 111 114 113 112 110 106 103 98 93 91 93 94 91 91 93 95 97 101 108 112 115 118 120 118 114 108 99 78 49 17
 0 0 0 2 6 8 10 13 15 16 19 23 27 30 34 38 43 45 51 55 62 72 79 84 86 88 93 100 104 105 108 111 115 118 121 120 117 119 121 121 119 121 124 127 124 120 118 115 111 106 101 96 94 95 94 92 92 95 98 101 106 110 114 117 119 120 118 114 105 82 46 12
 0 0 0 1 4 8 11 14 16 17 20 23 27 31 36 42 46 51 56 61 69 76 83 88 93 98 101 103 104 107 115 129 141 145 140 133 133 134 134 132 133 136 140 139 136 130 126 125 122 117 111 106 100 96 93 93 95 97 101 105 108 112 116 118 118 120 118 111 95 69 40 13
 0 0 0 0 0 3 8 12 16 19 21 25 28 31 37 43 49 56 63 68 73 79 86 95 103 106 108 109 109 111 115 125 137 146 149 148 146 143 140 140 141 141 144 147 146 142 135 132 130 128 124 118 111 105 102 101 102 103 105 108 112 115 116 118 119 121 117 104 79 43 16 5
 0 0 0 0 0 0 2 10 16 20 22 26 29 32 38 44 52 58 64 71 77 85 97 116 131 131 126 121 117 115 118 122 127 133 139 145 148 148 146 145 146 148 150 146 144 142 140 137 134 134 134 130 123 117 113 114 115 115 115 115 116 117 118 118 117 115 107 93 68 27 2 0
 0 0 0 0 0 0 0 5 12 17 21 25 28 33 43 51 58 63 65 70 79 88 101 122 142 154 149 134 125 124 129 131 128 128 133 139 143 146 148 147 146 153 161 157 148 142 138 136 134 134 134 132 128 125 120 119 121 123 124 124 124 122 120 119 113 103 86 63 31 6 0 0
 0 0 0 0 0 0 0 1 7 12 16 21 27 38 51 58 63 66 68 72 79 87 100 117 138 154 158 150 138 132 131 130 127 126 128 132 137 141 145 147 148 153 157 156 150 144 138 136 134 132 131 129 127 125 124 125 126 129 131 132 131 129 126 120 107 86 53 21 0 0 0 0
 0 0 0 0 0 0 0 0 3 9 15 20 26 39 52 59 66 69 71 73 76 82 95 109 125 140 149 150 146 139 133 128 126 123 124 127 131 136 143 149 153 154 156 156 155 151 143 138 135 130 124 122 121 121 124 127 132 136 138 138 137 134 128 117 96 64 19 3 0 0 0 0
 0 0 0 0 0 0 0 0 1 7 13 19 27 38 48 54 60 65 69 73 74 73 79 88 102 117 127 133 136 136 132 129 126 123 123 126 131 136 142 150 156 158 159 158 157 157 155 149 140 132 127 121 117 114 120 127 133 137 138 138 135 129 117 101 76 27 2 0 0 0 0 0
 0 0 0 0 0 0 0 0 0 1 9 15 21 31 38 45 48 53 59 62 64 65 65 69 76 85 96 107 115 122 124 124 123 122 126 132 137 141 143 147 151 153 152 149 147 145 147 146 142 138 131 122 115 111 117 124 130 132 131 128 120 105 84 56 23 4 0 0 0 0 0 0
 0 0 0 0 0 0 0 0 0 0 2 4 9 19 25 33 41 46 49 51 52 54 54 54 57 61 67 78 91 102 109 113 115 122 132 140 143 143 141 138 134 134 135 136 133 131 130 131 130 126 122 117 112 109 112 117 119 120 117 109 98 86 55 17 3 0 0 0 0 0 0 0
 0 0 0 0 0 0 0 0 0 0 0 0 1 5 11 16 24 38 46 47 47 46 45 45 46 48 52 60 72 82 92 98 104 113 121 131 139 141 137 128 121 118 119 123 123 121 119 116 113 110 109 108 105 102 100 101 102 103 98 88 78 63 27 3 0 0 0 0 0 0 0 0
 0 0 0 0 0 0 0 0 0 0 0 0 0 0 0 2 8 27 48 53 50 46 43 42 42 42 45 49 58 67 77 85 91 99 106 112 117 121 121 119 112 109 108 105 106 109 110 109 106 104 103 101 99 96 93 89 83 79 73 61 42 23 3 0 0 0 0 0 0 0 0 0
 0 0 0 0 0 0 0 0 0 0 0 0 0 0 0 0 0 7 21 36 47 51 51 50 43 40 42 46 51 57 64 71 77 82 87 90 93 94 95 96 96 95 92 90 90 92 95 96 97 96 95 94 91 87 84 81 77 69 57 32 11 1 0 0 0 0 0 0 0 0 0 0
 0 0 0 0 0 0 0 0 0 0 0 0 0 0 0 0 0 0 4 13 27 35 42 47 47 42 41 43 46 51 57 61 66 70 72 72 73 74 72 71 71 71 73 74 73 72 72 74 77 80 83 83 82 79 75 73 69 66 58 34 8 0 0 0 0 0 0 0 0 0 0 0
 0 0 0 0 0 0 0 0 0 0 0 0 0 0 0 0 0 0 0 1 6 15 24 30 33 35 38 39 41 44 50 55 59 61 61 62 63 63 60 55 49 42 40 46 48 42 36 38 44 55 63 65 60 54 50 55 57 58 58 50 26 7 0 0 0 0 0 0 0 0 0 0
 0 0 0 0 0 0 0 0 0 0 0 0 0 0 0 0 0 0 0 0 0 3 7 13 18 23 28 33 38 41 44 45 49 52 55 56 56 55 50 34 18 8 5 7 8 8 6 6 10 20 32 37 32 21 12 16 18 25 39 41 28 12 0 0 0 0 0 0 0 0 0 0
 0 0 0 0 0 0 0 0 0 0 0 0 0 0 0 0 0 0 0 0 0 0 1 7 13 17 20 25 32 36 39 40 42 43 45 49 48 46 38 19 3 0 0 0 0 0 0 0 0 0 3 10 10 1 0 0 0 1 9 23 37 32 11 1 0 0 0 0 0 0 0 0
 0 0 0 0 0 0 0 0 0 0 0 0 0 0 0 0 0 0 0 0 0 0 0 1 3 6 8 14 22 27 30 33 36 36 35 32 26 23 19 8 0 0 0 0 0 0 0 0 0 0 0 0 0 0 0 0 0 0 0 1 18 29 16 2 0 0 0 0 0 0 0 0
 0 0 0 0 0 0 0 0 0 0 0 0 0 0 0 0 0 0 0 0 0 0 0 0 0 0 3 7 12 16 21 24 27 27 24 13 3 0 0 0 0 0 0 0 0 0 0 0 0 0 0 0 0 0 0 0 0 0 0 0 1 9 15 5 0 0 0 0 0 0 0 0
 0 0 0 0 0 0 0 0 0 0 0 0 0 0 0 0 0 0 0 0 0 0 0 0 0 0 0 1 3 4 6 8 14 19 13 5 0 0 0 0 0 0 0 0 0 0 0 0 0 0 0 0 0 0 0 0 0 0 0 0 0 0 2 1 0 0 0 0 0 0 0 0
 0 0 0 0 0 0 0 0 0 0 0 0 0 0 0 0 0 0 0 0 0 0 0 0 0 0 0 0 0 0 0 0 1 2 1 0 0 0 0 0 0 0 0 0 0 0 0 0 0 0 0 0 0 0 0 0 0 0 0 0 0 0 0 0 0 0 0 0 0 0 0 0
 0 0 0 0 0 0 0 0 0 0 0 0 0 0 0 0 0 0 0 0 0 0 0 0 0 0 0 0 0 0 0 0 0 0 0 0 0 0 0 0 0 0 0 0 0 0 0 0 0 0 0 0 0 0 0 0 0 0 0 0 0 0 0 0 0 0 0 0 0 0 0 0
 0 0 0 0 0 0 0 0 0 0 0 0 0 0 0 0 0 0 0 0 0 0 0 0 0 0 0 0 0 0 0 0 0 0 0 0 0 0 0 0 0 0 0 0 0 0 0 0 0 0 0 0 0 0 0 0 0 0 0 0 0 0 0 0 0 0 0 0 0 0 0 0
 0 0 0 0 0 0 0 0 0 0 0 0 0 0 0 0 0 0 0 0 0 0 0 0 0 0 0 0 0 0 0 0 0 0 0 0 0 0 0 0 0 0 0 0 0 0 0 0 0 0 0 0 0 0 0 0 0 0 0 0 0 0 0 0 0 0 0 0 0 0 0 0
 0 0 0 0 0 0 0 0 0 0 0 0 0 0 0 0 0 0 0 0 0 0 0 0 0 0 0 0 0 0 0 0 0 0 0 0 0 0 0 0 0 0 0 0 0 0 0 0 0 0 0 0 0 0 0 0 0 0 0 0 0 0 0 0 0 0 0 0 0 0 0 0
 0 0 0 0 0 0 0 0 0 0 0 0 0 0 0 0 0 0 0 0 0 0 0 0 0 0 0 0 0 0 0 0 0 0 0 0 0 0 0 0 0 0 0 0 0 0 0 0 0 0 0 0 0 0 0 0 0 0 0 0 0 0 0 0 0 0 0 0 0 0 0 0
 0 0 0 0 0 0 0 0 0 0 0 0 0 0 0 0 0 0 0 0 0 0 0 0 0 0 0 0 0 0 0 0 0 0 0 0 0 0 0 0 0 0 0 0 0 0 0 0 0 0 0 0 0 0 0 0 0 0 0 0 0 0 0 0 0 0 0 0 0 0 0 0
 0 0 0 0 0 0 0 0 0 0 0 0 0 0 0 0 0 0 0 0 0 0 0 0 0 0 0 0 0 0 0 0 0 0 0 0 0 0 0 0 0 0 0 0 0 0 0 0 0 0 0 0 0 0 0 0 0 0 0 0 0 0 0 0 0 0 0 0 0 0 0 0
 0 0 0 0 0 0 0 0 0 0 0 0 0 0 0 0 0 0 0 0 0 0 0 0 0 0 0 0 0 0 0 0 0 0 0 0 0 0 0 0 0 0 0 0 0 0 0 0 0 0 0 0 0 0 0 0 0 0 0 0 0 0 0 0 0 0 0 0 0 0 0 0
 0 0 0 0 0 0 0 0 0 0 0 0 0 0 0 0 0 0 0 0 0 0 0 0 0 0 0 0 0 0 0 0 0 0 0 0 0 0 0 0 0 0 0 0 0 0 0 0 0 0 0 0 0 0 0 0 0 0 0 0 0 0 0 0 0 0 0 0 0 0 0 0
 0 0 0 0 0 0 0 0 0 0 0 0 0 0 0 0 0 0 0 0 0 0 0 0 0 0 0 0 0 0 0 0 0 0 0 0 0 0 0 0 0 0 0 0 0 0 0 0 0 0 0 0 0 0 0 0 0 0 0 0 0 0 0 0 0 0 0 0 0 0 0 0
 0 0 0 0 0 0 0 0 0 0 0 0 0 0 0 0 0 0 0 0 0 0 0 0 0 0 0 0 0 0 0 0 0 0 0 0 0 0 0 0 0 0 0 0 0 0 0 0 0 0 0 0 0 0 0 0 0 0 0 0 0 0 0 0 0 0 0 0 0 0 0 0
 0 0 0 0 0 0 0 0 0 0 0 0 0 0 0 0 0 0 0 0 0 0 0 0 0 0 0 0 0 0 0 0 0 0 0 0 0 0 0 0 0 0 0 0 0 0 0 0 0 0 0 0 0 0 0 0 0 0 0 0 0 0 0 0 0 0 0 0 0 0 0 0
 0 0 0 0 0 0 0 0 0 0 0 0 0 0 0 0 0 0 0 0 0 0 0 0 0 0 0 0 0 0 0 0 0 0 0 0 0 0 0 0 0 0 0 0 0 0 0 0 0 0 0 0 0 0 0 0 0 0 0 0 0 0 0 0 0 0 0 0 0 0 0 0
 0 0 0 0 0 0 0 0 0 0 0 0 0 0 0 0 0 0 0 0 0 0 0 0 0 0 0 0 0 0 0 0 0 0 0 0 0 0 0 0 0 0 0 0 0 0 0 0 0 0 0 0 0 0 0 0 0 0 0 0 0 0 0 0 0 0 0 0 0 0 0 0