ncols        48
nrows        48
xllcorner    -6.035880000000
yllcorner    53.470820000000
cellsize     0.000833333333
NODATA_value -32768
 0 0 0 0 0 0 0 0 0 0 0 0 0 0 0 0 0 0 0 0 0 0 0 0 0 0 0 0 0 0 0 0 0 0 0 0 0 0 0 0 0 0 0 0 -32768 -32768 -32768 -32768
 0 0 0 0 0 0 0 0 0 0 0 0 0 0 0 0 0 0 0 0 0 0 0 0 0 0 0 0 0 0 0 0 0 0 0 0 0 0 0 0 0 0 0 0 -32768 -32768 -32768 -32768
 0 0 0 0 0 0 0 0 0 0 0 0 0 0 0 0 0 0 0 0 0 0 0 0 0 0 0 0 0 0 0 0 0 0 0 0 0 0 0 0 0 0 0 0 -32768 -32768 -32768 -32768
 0 0 0 0 0 0 0 0 0 0 0 0 0 0 0 0 0 0 0 0 0 0 0 0 0 0 0 0 0 0 0 0 0 0 0 0 0 0 0 0 0 0 0 0 -32768 -32768 -32768 -32768
 0 0 0 0 0 0 0 0 0 0 0 0 0 0 0 0 0 0 0 0 0 0 0 0 0 0 0 0 0 0 0 0 0 0 0 0 0 0 0 0 0 0 0 0 -32768 -32768 -32768 -32768
 0 0 0 0 0 0 0 0 0 0 0 0 0 0 0 0 0 0 0 0 0 0 0 0 0 0 0 0 0 0 0 0 0 0 0 0 0 0 0 0 0 0 0 0 -32768 -32768 -32768 -32768
 0 0 0 0 0 0 0 0 0 0 0 0 0 0 0 0 0 0 0 0 0 0 0 0 0 0 0 0 0 0 0 0 0 0 0 0 0 0 0 0 0 0 0 0 -32768 -32768 -32768 -32768
 0 0 0 0 0 0 0 0 0 0 0 0 0 0 0 0 0 0 0 0 0 0 0 0 0 0 0 0 0 0 0 0 0 0 0 0 0 0 0 0 0 0 0 0 -32768 -32768 -32768 -32768
 0 0 0 0 0 0 0 0 0 0 0 0 0 0 0 0 0 0 0 0 0 0 0 0 0 0 0 0 0 0 0 0 0 0 0 0 0 0 0 0 0 0 0 0 -32768 -32768 -32768 -32768
 0 0 0 0 0 0 0 0 0 0 0 0 0 0 0 0 0 0 0 0 0 0 0 0 0 0 0 0 0 0 0 0 0 0 0 0 0 0 0 0 0 0 0 0 -32768 -32768 -32768 -32768
 0 0 0 0 0 0 0 0 0 0 0 0 0 0 0 0 0 0 0 0 0 0 0 0 0 0 0 0 0 0 0 0 0 0 0 0 0 0 0 0 0 0 0 0 -32768 -32768 -32768 -32768
 0 0 0 0 0 0 0 0 0 0 0 0 0 0 0 0 0 0 0 0 0 0 0 0 0 0 0 0 0 0 0 0 0 0 0 0 0 0 0 0 0 0 0 0 -32768 -32768 -32768 -32768
 0 0 0 0 0 0 0 0 0 0 0 0 0 0 0 0 0 0 0 0 0 0 0 0 0 0 0 0 0 0 0 0 0 0 0 0 0 0 0 0 0 0 0 0 -32768 -32768 -32768 -32768
 0 0 0 0 0 0 0 0 0 0 0 0 0 0 0 0 0 0 0 0 0 0 0 0 0 0 0 0 0 0 0 0 0 0 0 0 0 0 0 0 0 0 0 0 -32768 -32768 -32768 -32768
 0 0 0 0 0 0 0 0 0 1 4 4 2 0 0 0 0 0 0 0 0 0 0 0 0 0 0 0 5 16 23 23 17 15 14 8 1 0 0 0 0 0 0 0 -32768 -32768 -32768 -32768
 0 0 0 0 0 0 0 0 0 1 6 6 4 1 0 0 0 0 0 0 0 0 0 0 0 1 5 14 34 56 67 69 66 62 54 34 11 2 0 0 0 0 0 0 -32768 -32768 -32768 -32768
 0 0 0 0 0 0 0 0 0 2 7 8 10 10 10 6 1 0 0 0 0 0 0 6 18 32 45 53 65 75 80 81 80 74 61 43 24 8 0 0 0 0 0 0 -32768 -32768 -32768 -32768
 0 0 0 0 0 0 0 0 0 7 12 17 22 27 29 22 10 2 0 0 0 4 9 27 48 60 70 75 77 78 80 80 76 71 64 55 46 36 24 15 6 3 2 2 -32768 -32768 -32768 -32768
 0 0 0 0 0 0 0 1 8 13 18 25 31 36 38 37 33 26 22 26 34 41 51 63 73 81 83 85 84 82 80 76 71 67 62 56 52 44 37 29 22 21 20 18 -32768 -32768 -32768 -32768
 0 0 0 0 0 0 0 3 9 14 19 25 31 36 40 44 48 53 61 72 80 84 94 102 104 102 97 93 91 87 84 79 73 68 62 56 51 47 42 36 32 35 34 29 -32768 -32768 -32768 -32768
 0 0 0 0 0 0 0 4 8 11 15 20 26 31 36 42 49 60 71 83 95 100 108 114 115 112 110 105 99 97 97 91 83 75 68 63 59 52 38 26 18 22 23 16 -32768 -32768 -32768 -32768
 0 0 0 0 0 0 2 5 8 11 18 20 24 29 34 39 47 60 71 83 98 106 110 113 114 112 109 106 105 106 108 104 97 89 81 75 63 38 16 9 5 5 5 4 -32768 -32768 -32768 -32768
 0 0 0 0 0 0 2 7 9 12 18 21 26 30 32 38 46 56 67 80 92 99 106 112 115 114 111 110 112 111 110 109 106 101 94 78 54 21 6 1 0 0 0 0 -32768 -32768 -32768 -32768
 0 0 0 0 1 4 7 10 12 13 16 20 23 26 30 40 50 56 63 72 82 95 106 110 112 113 114 114 115 111 106 100 97 93 82 55 23 8 2 0 0 0 0 0 -32768 -32768 -32768 -32768
 0 0 1 2 4 6 7 9 12 14 15 17 20 23 29 39 49 54 61 69 78 91 101 104 103 103 105 103 101 97 91 85 78 68 46 21 7 1 0 0 0 0 0 0 -32768 -32768 -32768 -32768
 0 1 2 3 4 4 4 6 9 11 14 16 19 24 30 35 41 46 53 63 78 91 102 104 101 99 98 93 89 83 75 67 53 32 13 5 1 0 0 0 0 0 0 0 -32768 -32768 -32768 -32768
 0 0 0 0 1 0 1 2 4 6 9 14 19 24 27 30 33 37 47 59 74 88 97 99 95 93 91 85 79 71 63 54 44 28 8 0 0 0 0 0 0 0 0 0 -32768 -32768 -32768 -32768
 0 0 0 0 0 0 0 0 0 1 4 10 15 18 22 25 29 34 42 54 67 77 84 85 83 82 83 81 77 75 75 79 78 64 29 10 1 0 0 0 0 0 0 0 -32768 -32768 -32768 -32768
 0 0 0 0 0 0 0 0 0 0 1 2 5 6 9 16 23 30 41 54 64 70 71 73 79 84 87 88 87 86 85 86 86 79 60 25 4 0 0 0 0 0 0 0 -32768 -32768 -32768 -32768
 0 0 0 0 0 0 0 0 0 0 0 0 0 1 3 9 17 29 41 51 55 56 56 60 66 73 79 84 88 89 86 83 79 67 49 26 6 0 0 0 0 0 0 0 -32768 -32768 -32768 -32768
 0 0 0 0 0 0 0 0 0 0 0 0 0 0 1 6 16 26 36 42 43 43 43 44 47 52 63 74 80 80 76 68 55 38 21 11 3 0 0 0 0 0 0 0 -32768 -32768 -32768 -32768
 0 0 0 0 0 0 0 0 0 0 0 0 0 0 0 5 12 15 18 21 19 16 20 27 31 38 47 57 61 57 51 41 22 10 5 1 0 0 0 0 0 0 0 0 -32768 -32768 -32768 -32768
 0 0 0 0 0 0 0 0 0 0 0 0 0 0 0 1 3 4 4 5 6 4 6 9 14 23 28 34 28 21 19 16 8 2 0 0 0 0 0 0 0 0 0 0 -32768 -32768 -32768 -32768
 0 0 0 0 0 0 0 0 0 0 0 0 0 0 0 0 0 0 0 0 0 0 0 1 4 7 8 10 10 8 5 4 2 0 0 0 0 0 0 0 0 0 0 0 -32768 -32768 -32768 -32768
 0 0 0 0 0 0 0 0 0 0 0 0 0 0 0 0 0 0 0 0 0 0 0 0 0 0 0 1 1 0 0 0 0 0 0 0 0 0 0 0 0 0 0 0 -32768 -32768 -32768 -32768
 0 0 0 0 0 0 0 0 0 0 0 0 0 0 0 0 0 0 0 0 0 0 0 0 0 0 0 0 0 0 0 0 0 0 0 0 0 0 0 0 0 0 0 0 -32768 -32768 -32768 -32768
 0 0 0 0 0 0 0 0 0 0 0 0 0 0 0 0 0 0 0 0 0 0 0 0 0 0 0 0 0 0 0 0 0 0 0 0 0 0 0 0 0 0 0 0 -32768 -32768 -32768 -32768
 0 0 0 0 0 0 0 0 0 0 0 0 0 0 0 0 0 0 0 0 0 0 0 0 0 0 0 0 0 0 0 0 0 0 0 0 0 0 0 0 0 0 0 0 -32768 -32768 -32768 -32768
 0 0 0 0 0 0 0 0 0 0 0 0 0 0 0 0 0 0 0 0 0 0 0 0 0 0 0 0 0 0 0 0 0 0 0 0 0 0 0 0 0 0 0 0 -32768 -32768 -32768 -32768
 0 0 0 0 0 0 0 0 0 0 0 0 0 0 0 0 0 0 0 0 0 0 0 0 0 0 0 0 0 0 0 0 0 0 0 0 0 0 0 0 0 0 0 0 -32768 -32768 -32768 -32768
 0 0 0 0 0 0 0 0 0 0 0 0 0 0 0 0 0 0 0 0 0 0 0 0 0 0 0 0 0 0 0 0 0 0 0 0 0 0 0 0 0 0 0 0 -32768 -32768 -32768 -32768
 0 0 0 0 0 0 0 0 0 0 0 0 0 0 0 0 0 0 0 0 0 0 0 0 0 0 0 0 0 0 0 0 0 0 0 0 0 0 0 0 0 0 0 0 -32768 -32768 -32768 -32768
 0 0 0 0 0 0 0 0 0 0 0 0 0 0 0 0 0 0 0 0 0 0 0 0 0 0 0 0 0 0 0 0 0 0 0 0 0 0 0 0 0 0 0 0 -32768 -32768 -32768 -32768
 0 0 0 0 0 0 0 0 0 0 0 0 0 0 0 0 0 0 0 0 0 0 0 0 0 0 0 0 0 0 0 0 0 0 0 0 0 0 0 0 0 0 0 0 -32768 -32768 -32768 -32768
 0 0 0 0 0 0 0 0 0 0 0 0 0 0 0 0 0 0 0 0 0 0 0 0 0 0 0 0 0 0 0 0 0 0 0 0 0 0 0 0 0 0 0 0 -32768 -32768 -32768 -32768
 0 0 0 0 0 0 0 0 0 0 0 0 0 0 0 0 0 0 0 0 0 0 0 0 0 0 0 0 0 0 0 0 0 0 0 0 0 0 0 0 0 0 0 0 -32768 -32768 -32768 -32768
 0 0 0 0 0 0 0 0 0 0 0 0 0 0 0 0 0 0 0 0 0 0 0 0 0 0 0 0 0 0 0 0 0 0 0 0 0 0 0 0 0 0 0 0 -32768 -32768 -32768 -32768
 0 0 0 0 0 0 0 0 0 0 0 0 0 0 0 0 0 0 0 0 0 0 0 0 0 0 0 0 0 0 0 0 0 0 0 0 0 0 0 0 0 0 0 0 -32768 -32768 -32768 -32768
