 123 122 121 119 117 113 120 128 130 133 137 141 146 149 155 160 164 171 178 187 193 195 191 184 172 156 145 141 140 138 136 130 125 121 113 105 101 99 98 100 99 94 92 87 83 81 79 79 82 89 95 99 109 121 131 139 146 153
 126 127 126 125 122 119 124 131 134 138 142 146 151 156 162 168 174 182 189 189 187 181 171 162 152 144 141 138 134 128 125 122 114 109 108 105 101 100 100 104 103 97 92 87 85 84 80 78 79 85 91 98 104 113 122 129 135 142
 133 133 130 128 126 122 123 131 138 142 144 148 156 161 167 174 177 179 178 172 163 154 147 139 132 130 133 131 123 117 114 111 106 103 104 104 103 102 102 106 100 96 94 94 91 85 79 79 80 84 89 95 101 109 117 122 127 135
 141 138 134 133 132 128 125 125 134 142 147 153 161 167 164 158 153 149 145 140 136 133 132 130 129 128 124 120 120 119 113 110 111 111 111 107 104 103 100 97 95 94 94 92 89 85 81 79 80 85 90 96 102 106 115 123 126 132
 144 139 137 136 136 135 132 127 133 143 148 153 156 154 146 140 143 146 149 151 157 160 161 163 163 158 152 151 153 150 145 139 134 129 126 122 117 113 107 100 96 94 95 96 95 89 82 80 81 83 90 100 105 109 113 121 127 135
 147 143 141 141 141 139 133 128 134 140 144 145 144 142 145 158 170 180 188 193 198 200 197 192 188 182 178 176 176 172 162 154 144 138 138 134 128 122 115 107 101 101 103 105 102 95 88 82 81 83 87 98 105 110 116 122 126 135
 150 146 144 144 143 140 134 131 135 142 144 145 146 154 166 178 188 197 205 208 208 208 205 202 199 197 202 208 206 197 184 173 162 152 148 143 135 126 118 113 111 107 104 101 100 99 94 87 85 84 86 95 104 111 116 122 128 135
 152 148 146 144 142 139 135 135 142 146 150 153 160 167 176 187 197 209 215 216 220 224 227 226 223 230 240 242 228 208 195 184 174 165 160 152 142 131 122 116 114 110 107 103 100 99 95 87 84 82 82 86 95 104 112 120 130 138
 153 150 148 146 144 139 137 140 147 153 156 162 167 174 185 195 203 212 221 230 240 245 245 248 264 284 285 272 249 220 198 188 180 171 164 155 144 131 125 120 116 113 108 102 100 99 92 85 82 80 79 81 87 95 103 113 122 130
 155 152 150 148 146 141 139 145 151 157 163 170 176 182 191 200 209 218 229 242 256 263 266 282 303 311 302 283 257 229 205 193 185 178 169 158 147 137 130 125 121 116 109 105 103 98 93 87 84 82 81 82 84 87 92 98 107 117
 158 155 152 150 148 144 144 151 158 163 169 176 183 191 200 210 221 232 245 257 268 276 288 303 312 309 299 281 258 233 212 199 191 184 177 165 153 141 135 130 127 121 112 104 102 97 95 93 89 88 86 83 83 83 86 90 96 105
 161 159 156 153 149 145 146 154 161 168 176 185 195 208 217 227 239 253 264 272 280 291 299 304 306 302 293 281 262 244 234 222 211 199 189 178 165 155 147 138 131 124 115 107 101 97 95 94 93 91 87 84 83 83 85 86 90 99
 166 163 160 155 150 147 152 160 166 174 185 196 207 220 233 246 259 271 282 290 296 304 309 311 308 303 299 293 282 272 264 253 239 224 206 193 181 169 158 146 135 131 131 125 114 105 101 98 96 94 92 89 85 84 85 85 87 97
 169 166 160 156 153 153 158 166 174 185 196 208 221 236 247 258 269 281 292 301 310 317 319 323 326 324 322 317 312 305 297 283 264 245 229 211 195 183 169 153 140 138 139 135 131 122 114 109 106 100 96 93 91 88 85 84 90 100
 170 166 161 157 154 156 163 172 180 193 204 220 233 245 256 268 279 288 296 308 318 326 334 340 342 343 343 340 336 327 315 299 280 260 241 226 208 188 172 159 147 143 142 138 137 133 124 120 119 116 114 108 100 96 92 87 89 98
 171 167 162 160 160 160 164 174 185 197 210 225 239 252 260 271 285 294 302 312 322 332 343 348 354 363 367 365 359 349 334 316 293 269 247 227 213 197 185 175 158 144 139 136 132 133 136 134 130 125 122 115 105 99 95 91 89 95
 174 170 170 168 165 164 165 175 185 196 210 224 239 254 264 274 285 294 304 315 324 334 347 357 368 384 395 392 383 371 354 336 314 290 272 255 243 233 219 204 189 177 166 155 143 132 133 135 128 123 118 111 108 103 98 93 90 93
 177 176 175 174 171 169 166 173 184 196 208 222 236 250 263 276 287 295 305 315 326 335 347 359 372 390 406 407 398 384 367 352 337 325 311 296 282 269 251 229 209 192 182 173 158 141 130 125 123 120 119 118 114 107 99 95 92 94
 183 182 180 179 178 174 170 177 191 202 213 226 237 250 263 274 284 296 306 316 328 337 348 362 376 391 407 416 415 410 401 389 375 361 346 332 313 295 280 262 241 221 205 189 173 165 157 149 142 133 125 122 116 110 104 100 93 92
 194 191 187 188 184 178 175 181 196 211 221 232 248 258 263 274 287 299 309 317 324 335 349 363 378 394 414 429 438 447 444 432 416 396 378 359 337 317 298 280 262 243 222 206 191 177 168 161 154 146 135 128 120 112 107 102 98 93
 208 204 202 198 191 183 179 183 196 213 226 241 249 250 253 276 293 303 311 320 330 341 352 366 378 394 419 438 453 471 478 463 440 419 395 370 349 328 308 290 270 252 234 215 201 185 172 166 162 156 146 139 130 118 112 106 103 97
 224 222 221 211 202 196 189 190 202 219 234 246 248 243 249 280 299 307 315 324 334 342 351 362 373 388 406 420 431 444 451 448 434 414 392 373 354 336 317 295 276 258 239 220 204 189 174 168 165 159 152 147 138 125 116 108 104 101
 244 244 239 233 233 226 210 200 207 222 235 250 254 244 248 281 303 311 318 325 332 339 348 357 365 377 388 395 399 401 404 406 400 389 378 364 350 334 318 298 277 257 237 221 202 186 173 168 165 158 153 151 142 130 119 110 106 105
 264 261 253 253 256 250 239 225 214 217 229 244 257 259 260 277 296 306 313 321 327 335 343 349 356 365 372 376 378 377 375 374 368 361 354 345 336 325 311 294 275 254 234 217 200 182 169 164 161 158 155 155 150 136 127 117 110 107
 274 272 266 269 272 269 259 250 242 231 229 239 253 268 278 285 292 298 304 312 320 328 337 344 351 357 363 364 363 360 355 351 347 339 333 326 318 308 297 283 266 249 232 216 200 185 172 163 158 155 157 161 158 146 132 121 110 104
 282 278 274 279 281 279 278 275 271 264 254 254 264 272 278 284 289 294 300 308 315 321 328 338 344 350 354 356 352 347 343 339 336 328 319 310 301 292 282 271 259 245 232 217 202 190 177 166 159 158 160 162 161 154 142 129 119 110
 285 283 278 279 282 284 285 284 281 276 271 275 279 284 285 287 289 294 300 305 311 317 325 332 338 343 348 348 347 343 337 332 326 320 312 304 296 285 272 260 248 237 225 214 204 193 182 170 162 159 159 161 161 156 146 134 127 117
 285 282 281 281 283 286 287 286 282 278 280 283 287 288 287 289 291 294 299 305 307 311 316 325 333 339 343 343 342 341 336 330 323 315 306 297 288 276 264 255 244 233 222 213 203 191 183 174 165 160 155 153 157 159 150 140 131 117
 284 282 282 283 284 285 287 285 279 281 284 284 286 287 287 288 291 293 296 301 304 305 310 317 322 327 330 331 331 331 328 325 318 310 301 293 282 274 263 252 242 232 223 213 206 197 189 181 173 168 159 151 150 156 156 149 139 124
 286 284 283 285 286 285 284 280 276 280 284 286 286 287 286 287 289 291 293 298 299 301 305 308 311 315 318 321 321 318 316 311 306 301 296 288 278 268 261 253 244 234 226 218 212 204 194 185 178 170 162 151 144 152 159 159 151 140
 286 283 283 285 286 284 282 279 279 281 283 284 284 283 285 286 286 288 291 293 296 299 301 303 304 306 307 308 307 304 302 298 293 287 280 273 266 260 256 251 244 234 226 218 212 204 196 190 183 175 170 160 150 144 146 150 152 150
 286 285 284 285 284 284 282 280 280 282 282 282 282 283 284 285 285 287 289 290 292 295 296 298 298 299 299 298 294 291 288 283 276 270 265 259 253 249 244 240 236 228 222 216 209 203 197 194 187 181 174 165 159 151 140 136 136 137
 284 284 285 286 284 283 284 283 282 281 281 280 281 282 283 284 284 283 285 288 289 291 292 293 293 292 289 285 280 276 272 266 260 254 248 240 233 227 224 220 219 216 212 209 205 198 193 190 186 184 178 169 162 155 147 141 139 136
 285 286 286 287 286 284 283 283 281 280 280 281 283 287 289 289 289 289 289 288 288 289 290 290 289 287 285 278 271 264 259 251 241 229 221 216 210 205 201 199 199 200 200 198 195 192 188 184 181 179 176 171 167 162 156 148 144 141
 286 286 286 285 284 284 283 282 280 280 283 285 288 292 296 295 292 294 296 291 290 292 294 295 294 294 292 287 283 277 270 263 252 242 233 224 218 213 204 194 188 185 183 181 181 178 175 174 175 175 172 167 166 164 158 147 138 132
 285 285 284 283 284 282 280 280 280 285 290 292 293 292 292 295 296 297 294 291 292 295 296 296 297 298 298 294 289 284 277 269 261 252 243 233 225 218 210 205 196 189 186 183 181 176 171 163 161 161 159 157 156 158 155 142 128 120
 286 285 284 284 283 281 279 278 281 283 287 290 292 290 290 294 296 292 290 292 293 295 297 299 302 304 304 303 299 293 285 277 267 258 248 237 228 219 210 203 197 193 191 187 182 179 174 166 158 151 147 144 144 142 139 133 126 121
 286 284 283 282 282 282 280 279 282 287 291 290 292 292 293 293 290 290 291 293 295 298 301 304 307 310 311 310 307 302 295 289 279 268 257 247 233 221 210 202 196 192 188 184 178 175 171 164 158 153 148 142 141 141 140 138 138 140
 284 283 282 282 281 279 280 282 284 287 290 289 290 289 289 291 291 291 293 295 299 302 306 310 312 315 317 319 316 311 306 300 292 281 267 253 238 226 217 210 207 201 194 189 188 183 178 172 169 163 158 153 150 148 146 145 144 143
 284 282 282 281 279 277 278 281 283 286 287 288 291 290 289 290 292 295 296 298 301 304 309 313 319 323 325 329 329 325 320 312 303 292 277 261 248 241 235 229 224 216 208 200 194 187 184 179 175 169 165 163 160 157 151 150 150 151
 282 280 279 278 276 276 279 282 283 285 287 289 291 291 292 293 295 299 301 304 308 310 315 321 326 332 338 341 342 336 328 318 306 292 279 268 262 259 256 251 243 236 227 217 204 193 187 185 182 176 174 171 166 163 160 157 158 161
 281 277 275 275 276 279 281 284 285 288 289 291 292 293 296 298 300 302 304 307 313 317 320 326 332 335 340 342 342 338 333 323 310 299 292 289 286 281 278 273 264 254 246 232 216 203 197 192 188 185 184 183 178 172 167 167 170 176