559 558 556 554 554 556 558 560 559 560 562 565 569 572 577 586 597 606 611 612 613 611 606 595 580 565 548 531 516 503 494 489 484 478 473 469 464 460 457 449 440 433 427 423 419 415 411 409
 547 544 544 545 546 547 548 549 552 553 553 555 558 563 570 580 592 603 610 614 615 613 610 602 588 571 556 542 528 517 507 501 497 492 486 482 475 469 463 454 446 440 434 430 425 420 415 411
 540 538 537 536 536 537 539 541 541 544 550 554 557 563 574 584 594 604 611 614 614 613 610 603 592 576 560 546 534 525 517 510 505 500 494 488 481 473 468 461 453 446 439 434 428 423 417 411
 534 532 530 527 526 524 525 529 534 540 547 556 565 570 580 589 597 605 612 615 615 613 609 603 593 581 565 549 540 534 527 522 516 510 501 493 487 481 475 468 459 451 444 437 430 424 419 414
 525 523 521 517 513 513 520 526 534 541 548 558 568 575 584 593 601 608 613 615 615 612 608 600 590 581 570 560 553 548 540 532 525 517 508 501 495 489 481 474 466 458 450 442 435 428 421 417
 518 514 510 505 503 510 516 523 533 541 550 558 571 582 593 603 608 612 616 617 615 613 608 601 592 585 575 570 565 558 549 538 527 516 509 502 497 491 483 477 469 461 453 445 440 434 429 426
 506 502 498 494 498 506 514 523 531 540 550 561 577 590 603 611 616 618 620 620 618 615 610 605 600 595 589 582 574 563 550 537 525 515 507 500 494 488 481 475 469 464 457 451 446 442 439 433
 491 487 488 493 500 508 516 523 533 541 550 564 582 599 612 620 625 627 628 627 626 625 622 618 614 606 599 591 578 564 550 536 526 516 507 500 495 490 485 479 475 472 465 458 453 450 447 443
 483 485 493 499 503 511 520 527 536 547 560 573 587 604 618 627 636 642 646 647 647 643 637 631 625 617 609 598 581 566 553 541 529 517 509 502 499 496 492 489 484 480 474 469 465 461 457 454
 483 491 499 508 515 521 526 532 543 554 567 577 590 606 622 634 643 652 664 673 671 664 656 647 637 628 618 606 591 576 562 548 535 523 515 510 508 507 505 501 497 493 489 486 480 476 470 465
 494 502 508 515 522 528 536 543 551 561 571 580 592 608 624 636 648 663 679 689 691 686 678 664 650 639 626 613 600 587 574 559 545 535 526 522 521 518 515 512 509 505 501 497 491 486 480 475
 498 507 514 521 528 534 542 548 556 565 573 582 595 609 624 639 651 668 686 700 702 701 693 678 660 647 635 620 606 595 583 569 557 547 540 539 539 536 532 528 523 519 514 509 502 495 485 478
 501 509 516 523 528 533 539 548 558 568 578 588 600 613 627 644 659 674 691 704 708 706 696 682 666 651 639 627 611 597 587 578 569 562 561 560 559 556 554 550 545 541 532 521 508 496 488 486
 499 507 514 519 524 531 538 547 557 568 578 588 600 615 631 649 665 677 687 696 699 697 692 683 671 657 643 630 613 599 590 583 580 579 582 583 581 579 576 570 564 556 543 527 515 510 510 509
 496 503 508 515 520 526 533 543 554 564 573 582 597 616 630 648 661 668 676 683 688 691 690 686 679 666 649 634 624 614 603 594 590 589 590 592 592 589 586 581 572 562 548 538 535 533 530 530
 490 496 502 507 513 520 528 538 548 557 564 578 595 611 628 639 647 657 668 678 687 693 696 696 691 682 666 654 642 630 611 593 582 578 577 577 578 577 576 573 570 565 563 561 556 553 550 551
 481 485 493 501 508 514 522 532 543 551 559 573 591 603 615 625 634 645 659 672 685 697 706 711 710 704 695 681 658 631 602 580 568 565 568 569 569 569 569 571 576 579 580 577 574 571 572 577
 470 477 485 493 500 507 516 526 536 547 561 573 585 592 602 615 627 638 650 667 684 701 718 727 734 733 725 700 666 628 594 575 569 566 566 568 567 567 569 577 587 590 592 592 591 592 597 604
 468 475 483 490 497 505 516 526 536 545 555 567 578 586 598 612 624 637 650 667 687 706 725 739 750 754 747 720 684 648 611 583 572 569 569 569 568 571 579 588 596 601 603 606 611 616 621 623
 463 471 479 488 497 507 520 532 544 555 565 576 588 598 608 619 630 642 656 673 692 712 732 750 764 768 758 727 689 660 633 605 585 573 569 568 570 578 587 596 605 611 618 628 636 643 642 638
 460 469 479 489 498 512 526 540 554 568 580 592 606 615 625 634 646 657 670 686 703 719 738 755 771 775 765 736 698 670 643 618 594 580 576 576 579 588 601 614 625 636 648 656 658 656 649 642
 460 469 479 490 504 517 531 552 570 586 601 612 623 635 648 659 670 681 691 704 719 738 756 772 784 789 789 774 741 704 677 656 639 627 621 617 618 622 631 642 650 658 664 666 663 657 648 638
 460 470 482 494 507 523 541 562 583 599 616 630 646 661 677 691 705 714 727 741 753 764 776 784 791 794 792 786 774 751 718 696 677 665 657 647 642 641 640 642 647 651 657 659 659 653 642 631
 462 473 485 499 515 532 550 569 593 614 634 653 672 696 713 725 739 751 762 772 777 787 797 803 804 803 798 790 778 756 725 698 673 657 648 638 630 625 623 624 628 632 638 644 647 646 637 623
 467 478 491 506 523 541 559 581 603 627 648 673 697 716 733 747 758 767 777 786 793 800 807 811 811 808 798 785 767 741 712 686 660 645 635 623 614 607 606 607 609 612 616 621 627 628 622 611
 474 485 500 516 534 554 572 593 614 637 663 688 711 727 740 754 764 772 780 786 790 792 795 798 796 790 779 763 743 717 692 669 650 636 624 611 600 593 589 588 589 591 596 601 605 607 604 596
 489 502 518 535 551 567 585 607 631 656 681 699 713 726 735 744 754 762 770 774 773 772 770 768 766 760 750 735 716 692 666 649 637 625 613 602 588 577 572 572 572 573 576 579 583 584 583 582
 517 531 545 557 570 585 605 629 652 669 683 695 704 712 719 725 733 741 748 751 751 747 742 738 735 730 719 704 687 666 645 631 620 610 600 589 575 564 557 556 557 556 557 559 562 565 565 567
 538 550 563 575 590 607 625 640 652 663 674 681 689 695 700 705 708 716 723 726 724 719 713 708 704 698 687 675 658 643 629 618 608 597 586 574 561 553 546 543 544 542 539 540 542 544 546 550
 544 557 568 582 595 609 622 634 642 650 657 664 670 674 676 678 681 684 688 690 688 685 680 674 671 666 656 645 635 624 615 609 599 588 577 565 553 545 539 535 532 529 527 524 525 527 531 534
 542 554 563 572 584 597 610 618 626 632 638 643 647 650 650 649 648 651 653 652 650 648 643 638 635 629 622 616 611 607 604 600 592 584 575 566 558 551 542 534 525 519 516 513 513 517 520 523
 529 539 550 559 570 581 592 599 606 611 616 619 622 623 621 619 619 617 616 615 615 613 609 604 600 595 591 589 588 589 591 591 587 580 571 565 559 553 545 536 530 523 517 513 511 511 512 512
 515 525 533 543 552 561 569 576 582 586 592 594 593 593 592 589 588 585 584 584 583 581 578 575 569 566 563 563 564 568 573 575 574 571 564 559 555 550 546 540 535 531 523 519 516 513 510 507
 499 509 519 527 536 545 551 556 560 564 567 570 570 568 566 563 560 559 558 557 555 554 551 548 545 542 540 539 542 547 551 555 556 554 551 548 546 544 542 539 537 534 530 526 522 516 513 513
 486 495 502 512 518 524 530 535 540 543 545 548 548 546 544 541 539 537 534 532 530 529 527 525 524 521 518 517 521 526 529 530 531 531 532 533 534 536 536 535 533 530 528 526 525 524 523 524
 475 484 490 497 504 508 512 518 521 524 527 528 528 528 525 523 520 518 514 512 510 508 506 506 504 501 498 500 504 507 508 507 505 506 509 513 517 524 527 528 526 524 523 523 525 526 529 532
 469 476 482 487 493 498 501 505 507 510 510 510 510 509 507 504 501 497 494 490 489 488 487 484 481 478 479 482 484 483 484 484 482 486 490 497 504 510 515 517 515 515 515 518 521 524 529 533
 459 465 471 477 482 487 490 494 496 496 496 496 496 493 488 485 480 476 473 469 466 464 462 459 454 452 451 454 458 460 461 461 463 469 476 484 492 498 502 504 503 503 503 508 513 517 522 527
 452 457 462 467 473 478 479 480 481 480 480 479 477 473 470 465 461 456 452 448 443 439 435 431 427 424 423 426 428 431 434 437 441 450 459 469 477 482 486 489 489 488 490 494 499 505 512 519
 450 456 461 466 471 476 476 477 474 469 465 462 458 455 452 447 441 437 432 428 424 419 416 413 408 404 401 402 404 408 410 412 419 427 437 447 455 461 464 466 467 469 473 477 484 492 501 510
 468 473 474 474 478 478 476 472 467 461 456 451 447 443 437 432 428 423 417 412 407 403 398 394 389 385 382 383 384 387 390 392 398 405 414 422 430 436 441 442 445 450 456 462 468 478 487 498
 507 507 501 498 495 487 478 471 465 456 448 442 435 433 428 422 416 412 407 400 392 386 381 377 375 373 369 367 368 368 371 373 379 385 392 398 405 413 419 422 427 432 439 445 453 463 475 487
 540 535 527 518 505 493 483 470 459 447 438 433 426 421 415 410 405 401 398 392 384 381 380 375 368 364 360 357 355 355 358 361 363 369 376 382 387 391 397 404 409 414 421 429 438 449 460 471
 564 557 544 528 510 493 478 464 452 441 430 423 419 416 412 408 404 402 399 396 392 386 381 378 374 367 362 356 352 352 352 350 354 358 363 369 374 376 381 387 394 400 407 415 422 432 442 451
 576 565 547 525 507 487 471 457 445 435 427 421 419 417 414 412 409 408 404 400 395 389 385 379 376 374 371 367 362 360 359 354 349 351 354 357 361 364 367 373 379 386 394 402 408 415 422 431
 583 570 550 524 502 482 467 451 438 432 426 423 421 418 415 415 414 414 412 408 402 397 393 390 386 381 374 371 369 367 366 361 352 348 347 349 353 355 358 363 369 375 380 387 392 399 406 414
 585 569 543 515 494 476 462 447 436 431 428 427 427 427 424 424 422 421 420 418 415 412 406 402 397 392 388 386 383 377 373 368 360 353 347 343 344 347 351 354 360 364 369 374 380 386 393 401
 580 558 527 502 483 466 451 438 431 428 429 430 433 434 434 434 434 433 431 427 424 419 413 410 406 401 396 390 387 385 382 374 364 356 348 341 337 339 342 346 351 357 361 366 371 376 383 392